[ 300.   305.   310.   315.   320.   325.   330.   335.   340.   345.
  350.   360.   370.   380.   390.   400.   410.   420.   430.   440.
  450.   460.   470.   480.   490.   500.   510.   520.   530.   540.
  550.   570.   593.   610.   630.   656.   667.6  690.   710.   718.
  724.4  740.   752.5  757.5  762.5  767.5  780.   800.   816.   823.7
  831.5  840.   860.   880.   905.   915.   925.   930.   937.   948.
  965.   980.   993.5 1040.  1070.  1100.  1120.  1130.  1145.  1161.
 1170.  1200.  1240.  1270.  1290.  1320.  1350.  1395.  1442.5 1462.5
 1477.  1497.  1520.  1539.  1558.  1578.  1592.  1610.  1630.  1646.
 1678.  1740.  1800.  1860.  1920.  1960.  1985.  2005.  2035.  2065.
 2100.  2148.  2198.  2270.  2360.  2450.  2500.  2600.  2700.  2800.
 2900.  3000.  3100.  3200.  3300.  3400.  3500.  3600.  3700.  3800.
 3900.  4000. ]